%%MatrixMarket matrix coordinate real general
22 1093 2412                                      
1 1 0.03531516048147368
1 2 0.33243751857827175
1 3 0.4420639540992632
1 4 0.047491074082610246
1 5 0.020966425555086717
1 6 0.04063395514455669
1 7 0.016521685269326916
1 8 0.05459018244335799
1 9 0.07367732568321053
1 10 0.24380373086734014
1 11 0.057155640413883615
1 12 0.04063395514455669
1 13 0.057155640413883615
1 14 0.11431128082776723
1 15 0.07367732568321053
1 16 0.03531516048147368
1 17 0.018793475212146766
1 18 0.07367732568321053
1 19 0.02738672664262019
1 20 0.021304822482009968
1 21 0.07367732568321053
1 22 0.07367732568321053
1 23 0.10918036488671598
1 24 0.057155640413883615
1 25 0.07367732568321053
1 26 0.057155640413883615
1 27 0.057155640413883615
1 28 0.047491074082610246
1 29 0.07367732568321053
1 30 0.024112269875229776
1 31 0.08668622126373846
1 32 0.03096938881328333
1 33 0.07367732568321053
1 34 0.057155640413883615
1 35 0.047491074082610246
1 36 0.10594548144442105
1 37 0.024112269875229776
1 38 0.07367732568321053
1 39 0.08126791028911338
1 40 0.009566274425366103
1 41 0.024112269875229776
1 42 0.047491074082610246
1 43 0.03096938881328333
1 44 0.057155640413883615
1 45 0.047491074082610246
1 46 0.057155640413883615
1 47 0.14126064192589471
1 48 0.057155640413883615
1 49 0.10594548144442105
1 50 0.11276085127288059
1 51 0.057155640413883615
1 52 0.1765758024073684
1 53 0.04063395514455669
1 54 0.047491074082610246
1 55 0.11431128082776723
1 56 0.07367732568321053
1 57 0.03531516048147368
1 58 0.01444770354395641
1 59 0.07367732568321053
1 60 0.12190186543367007
1 61 0.027295091221678995
1 62 0.14735465136642106
1 63 0.14735465136642106
1 64 0.09498214816522049
1 65 0.04063395514455669
1 66 0.06193877762656666
1 67 0.010483212777543358
1 68 0.025079650603933187
1 69 0.006988808518362239
1 70 0.021304822482009968
1 71 0.024112269875229776
1 72 0.05779081417582564
1 73 0.04063395514455669
1 74 0.0639144674460299
1 75 0.07367732568321053
1 76 0.07367732568321053
1 77 0.4420639540992632
1 78 0.057155640413883615
1 79 0.03096938881328333
1 80 0.012539825301966593
1 81 0.07367732568321053
1 82 0.04822453975045955
1 83 0.07367732568321053
1 84 0.04334311063186923
1 85 0.047491074082610246
1 86 0.057155640413883615
1 87 0.07367732568321053
1 88 0.08521928992803987
1 89 0.07367732568321053
1 90 0.04063395514455669
1 91 0.016521685269326916
1 92 0.07367732568321053
1 93 0.07367732568321053
1 94 0.07367732568321053
1 95 0.047491074082610246
1 96 0.03096938881328333
1 97 0.018793475212146766
1 98 0.07367732568321053
1 99 0.07367732568321053
1 100 0.04822453975045955
1 101 0.03531516048147368
1 102 0.04822453975045955
2 19 0.030321199910909407
2 31 0.01599576733380447
2 40 0.00529564783406321
2 43 0.034287742437422046
2 50 0.0832287445468443
2 57 0.11729748372098595
2 58 0.01599576733380447
2 64 0.05257971754103962
2 66 0.034287742437422046
2 67 0.030950622612130316
2 68 0.04165038284317191
2 82 0.026695886833545738
2 84 0.03199153466760894
2 88 0.1179381146884039
2 91 0.01829197510361757
2 97 0.020807186136711075
2 100 0.026695886833545738
2 103 0.08157181214439846
2 104 0.09435049175072312
2 105 0.3154783052462377
2 106 0.21031887016415848
2 107 0.08997572387432662
2 108 0.026695886833545738
2 109 0.030219745803102514
2 110 0.039099161240328646
2 111 0.08157181214439846
2 112 0.13715096974968818
2 113 0.039099161240328646
2 114 0.13715096974968818
2 115 0.01599576733380447
2 116 0.27430193949937637
2 117 0.0632798370407809
2 118 0.030219745803102514
2 119 0.08157181214439846
2 120 0.08157181214439846
2 121 0.13715096974968818
2 122 0.039099161240328646
2 123 0.034287742437422046
2 124 0.05257971754103962
2 125 0.16314362428879692
2 126 0.08157181214439846
2 127 0.01388346094772397
2 128 0.030219745803102514
2 129 0.04161437227342215
2 130 0.03199153466760894
2 131 0.05257971754103962
2 132 0.08157181214439846
2 133 0.08157181214439846
2 134 0.05257971754103962
2 135 0.0632798370407809
2 136 0.04498786193716331
2 137 0.06857548487484409
2 138 0.04498786193716331
2 139 0.04498786193716331
2 140 0.026695886833545738
2 141 0.06043949160620503
2 142 0.08157181214439846
2 143 0.2531193481631236
2 144 0.05257971754103962
2 145 0.08157181214439846
2 146 0.030219745803102514
2 147 0.0632798370407809
2 148 0.10515943508207924
2 149 0.06857548487484409
2 150 0.034287742437422046
2 151 0.0632798370407809
2 152 0.0632798370407809
2 153 0.04498786193716331
2 154 0.08157181214439846
2 155 0.0632798370407809
2 156 0.3796790222446853
2 157 0.1265596740815618
2 158 0.05257971754103962
2 159 0.04717524587536156
2 160 0.04498786193716331
2 161 0.05257971754103962
2 162 0.0632798370407809
2 163 0.1265596740815618
2 164 0.08157181214439846
2 165 0.08157181214439846
2 166 0.08157181214439846
2 167 0.05257971754103962
2 168 0.08997572387432662
2 169 0.030219745803102514
2 170 0.18983951112234265
2 171 0.06857548487484409
2 172 0.07819832248065729
2 173 0.039099161240328646
2 174 0.030219745803102514
2 175 0.039099161240328646
2 176 0.3737424156696404
2 177 0.04498786193716331
2 178 0.020807186136711075
2 179 0.04498786193716331
2 180 0.04498786193716331
2 181 0.04498786193716331
3 5 0.008723026121267559
3 17 0.015637951710388485
3 19 0.0075961169840140326
3 23 0.04542420320211838
3 40 0.003980023274660523
3 67 0.017446052242535117
3 68 0.020868645135107108
3 69 0.002907675373755853
3 70 0.017727630542579878
3 84 0.024043716002069934
3 90 0.06762259999065755
3 91 0.041242821803758066
3 96 0.025769465268954326
3 102 0.10031846363704709
3 108 0.02006369272740942
3 115 0.012021858001034967
3 116 0.025769465268954326
3 118 0.02271210160105919
3 123 0.025769465268954326
3 127 0.010434322567553554
3 131 0.03951707253687368
3 169 0.04542420320211838
3 178 0.06255180684155394
3 182 0.18391954359350246
3 183 0.1094656619727194
3 184 0.061306514531167484
3 185 0.047558907263248136
3 186 0.061306514531167484
3 187 0.033811299995328774
3 188 0.3804712581059851
3 189 0.025769465268954326
3 190 0.025769465268954326
3 191 0.18391954359350246
3 192 0.03951707253687368
3 193 0.061306514531167484
3 194 0.5707068871589775
3 195 0.18391954359350246
3 196 0.18391954359350246
3 197 0.061306514531167484
3 198 0.033811299995328774
3 199 0.03951707253687368
3 200 0.047558907263248136
3 201 0.02271210160105919
3 202 0.017727630542579878
3 203 0.047558907263248136
3 204 0.061306514531167484
3 205 0.047558907263248136
3 206 0.047558907263248136
3 207 0.12261302906233497
3 208 0.061306514531167484
3 209 0.047558907263248136
3 210 0.18391954359350246
3 211 0.12261302906233497
3 212 0.02271210160105919
3 213 0.02938555897830784
3 214 0.061306514531167484
3 215 0.047558907263248136
3 216 0.061306514531167484
3 217 0.047558907263248136
3 218 0.03951707253687368
3 219 0.047558907263248136
3 220 0.061306514531167484
3 221 0.061306514531167484
3 222 0.047558907263248136
3 223 0.03951707253687368
3 224 0.03951707253687368
3 225 0.06813630480317757
3 226 0.06813630480317757
3 227 0.12261302906233497
3 228 0.061306514531167484
3 229 0.033811299995328774
3 230 0.061306514531167484
3 231 0.03951707253687368
3 232 0.013747607267919355
3 233 0.02938555897830784
3 234 0.033811299995328774
3 235 0.12261302906233497
3 236 0.047558907263248136
3 237 0.061306514531167484
3 238 0.061306514531167484
3 239 0.061306514531167484
3 240 0.09511781452649627
3 241 0.03951707253687368
3 242 0.061306514531167484
3 243 0.1352451999813151
3 244 0.12261302906233497
3 245 0.047558907263248136
3 246 0.061306514531167484
3 247 0.18391954359350246
3 248 0.1426767217897444
3 249 0.02938555897830784
3 250 0.03951707253687368
3 251 0.12261302906233497
3 252 0.02938555897830784
3 253 0.047558907263248136
3 254 0.061306514531167484
3 255 0.09511781452649627
3 256 0.047558907263248136
3 257 0.047558907263248136
3 258 0.047558907263248136
4 1 0.02897387980934425
4 2 0.05844518276540449
4 5 0.004300410119779361
4 6 0.01666880903959497
4 7 0.02711001828760857
4 8 0.04478782945680744
4 10 0.03333761807918994
4 12 0.03333761807918994
4 19 0.018724246548705168
4 20 0.01747927398707415
4 23 0.01119695736420186
4 26 0.046892627222994226
4 31 0.16002139800592474
4 36 0.014486939904672124
4 37 0.09891304467692826
4 40 0.013734926951444541
4 41 0.05934782680615695
4 44 0.023446313611497113
4 45 0.019481727588468164
4 46 0.023446313611497113
4 47 0.04346081971401638
4 49 0.02897387980934425
4 50 0.023128305998309947
4 53 0.16668809039594967
4 58 0.07112062133596654
4 60 0.01666880903959497
4 61 0.01119695736420186
4 65 0.01666880903959497
4 66 0.050816892066264094
4 67 0.03583675099816134
4 68 0.05144071075649726
4 69 0.0028669400798529074
4 72 0.005926718444663879
4 73 0.01666880903959497
4 74 0.008739636993537076
4 79 0.025408446033132047
4 80 0.010288142151299452
4 82 0.009891304467692826
4 84 0.03556031066798327
4 88 0.008739636993537076
4 97 0.007709435332769982
4 100 0.029673913403078477
4 101 0.17384327885606551
4 104 0.008739636993537076
4 108 0.01978260893538565
4 109 0.01119695736420186
4 115 0.017780155333991635
4 118 0.01119695736420186
4 123 0.03811266904969807
4 127 0.010288142151299452
4 129 0.10022265932600977
4 130 0.023706873778655515
4 137 0.4319435825632448
4 139 0.01666880903959497
4 140 0.01978260893538565
4 141 0.02239391472840372
4 149 0.012704223016566023
4 150 0.03811266904969807
4 159 0.0349585479741483
4 169 0.01119695736420186
4 173 0.014486939904672124
4 174 0.01119695736420186
4 175 0.02897387980934425
4 176 0.0395652178707713
4 178 0.046256611996619894
4 183 0.015418870665539965
4 190 0.025408446033132047
4 192 0.019481727588468164
4 199 0.019481727588468164
4 201 0.01119695736420186
4 206 0.023446313611497113
4 212 0.0559847868210093
4 213 0.04346081971401638
4 225 0.0559847868210093
4 234 0.01666880903959497
4 259 0.030223818183399254
4 260 0.06044763636679851
4 261 0.030223818183399254
4 262 0.030223818183399254
4 263 0.09740863794234084
4 264 0.030223818183399254
4 265 0.06044763636679851
4 266 0.019481727588468164
4 267 0.030223818183399254
4 268 0.01666880903959497
4 269 0.030223818183399254
4 270 0.01666880903959497
4 271 0.06044763636679851
4 272 0.030223818183399254
4 273 0.019481727588468164
4 274 0.046892627222994226
4 275 0.01666880903959497
4 276 0.030223818183399254
4 277 0.1558538207077453
4 278 0.019481727588468164
4 279 0.07243469952336062
4 280 0.030223818183399254
4 281 0.06044763636679851
4 282 0.030223818183399254
4 283 0.09067145455019776
4 284 0.030223818183399254
4 285 0.019481727588468164
4 286 0.16668809039594967
4 287 0.030223818183399254
4 288 0.019481727588468164
4 289 0.030223818183399254
4 290 0.07033894083449134
4 291 0.030223818183399254
4 292 0.030223818183399254
4 293 0.025408446033132047
4 294 0.01666880903959497
4 295 0.030223818183399254
4 296 0.030223818183399254
4 297 0.03333761807918994
4 298 0.023446313611497113
4 299 0.023446313611497113
4 300 0.07033894083449134
4 301 0.12089527273359701
4 302 0.023446313611497113
4 303 0.030223818183399254
4 304 0.030223818183399254
4 305 0.06044763636679851
4 306 0.06044763636679851
4 307 0.023446313611497113
4 308 0.06044763636679851
4 309 0.030223818183399254
4 310 0.030223818183399254
4 311 0.014486939904672124
4 312 0.046892627222994226
4 313 0.09740863794234084
4 314 0.030223818183399254
4 315 0.014486939904672124
4 316 0.08692163942803276
4 317 0.030223818183399254
4 318 0.030223818183399254
4 319 0.009891304467692826
4 320 0.06044763636679851
4 321 0.030223818183399254
4 322 0.023446313611497113
4 323 0.08334404519797484
4 324 0.023446313611497113
4 325 0.030223818183399254
4 326 0.023446313611497113
4 327 0.030223818183399254
4 328 0.019481727588468164
4 329 0.023446313611497113
4 330 0.01666880903959497
4 331 0.02897387980934425
4 332 0.12089527273359701
4 333 0.06044763636679851
4 334 0.023446313611497113
4 335 0.046892627222994226
4 336 0.030223818183399254
4 337 0.023446313611497113
4 338 0.046892627222994226
4 339 0.030223818183399254
4 340 0.046892627222994226
4 341 0.046892627222994226
4 342 0.07033894083449134
4 343 0.030223818183399254
4 344 0.06044763636679851
4 345 0.030223818183399254
4 346 0.030223818183399254
4 347 0.023446313611497113
4 348 0.030223818183399254
4 349 0.046892627222994226
4 350 0.06044763636679851
4 351 0.02897387980934425
4 352 0.014486939904672124
4 353 0.023446313611497113
4 354 0.023446313611497113
4 355 0.030223818183399254
4 356 0.019481727588468164
4 357 0.023446313611497113
4 358 0.03811266904969807
4 359 0.01747927398707415
4 360 0.06044763636679851
4 361 0.02239391472840372
4 362 0.019481727588468164
4 363 0.01666880903959497
4 364 0.030223818183399254
4 365 0.012704223016566023
4 366 0.08957565891361488
4 367 0.04346081971401638
4 368 0.014486939904672124
4 369 0.14067788166898268
4 370 0.06044763636679851
4 371 0.01666880903959497
4 372 0.030223818183399254
4 373 0.030223818183399254
4 374 0.030223818183399254
4 375 0.019481727588468164
4 376 0.046892627222994226
4 377 0.06044763636679851
4 378 0.009891304467692826
4 379 0.211016822503474
4 380 0.06352111508283012
4 381 0.023446313611497113
4 382 0.07033894083449134
4 383 0.014486939904672124
4 384 0.046892627222994226
4 385 0.030223818183399254
4 386 0.014486939904672124
4 387 0.019481727588468164
4 388 0.06044763636679851
4 389 0.030223818183399254
4 390 0.030223818183399254
4 391 0.023446313611497113
4 392 0.01666880903959497
4 393 0.05844518276540449
4 394 0.14067788166898268
4 395 0.023446313611497113
4 396 0.030223818183399254
4 397 0.06044763636679851
4 398 0.030223818183399254
4 399 0.023446313611497113
4 400 0.01978260893538565
4 401 0.030223818183399254
4 402 0.030223818183399254
4 403 0.03896345517693633
4 404 0.06667523615837988
4 405 0.030223818183399254
4 406 0.03896345517693633
4 407 0.023446313611497113
4 408 0.019481727588468164
4 409 0.23446313611497113
4 410 0.030223818183399254
4 411 0.06044763636679851
4 412 0.014486939904672124
4 413 0.046892627222994226
4 414 0.06044763636679851
4 415 0.07033894083449134
4 416 0.07033894083449134
4 417 0.046892627222994226
4 418 0.046892627222994226
4 419 0.025408446033132047
4 420 0.030223818183399254
4 421 0.014486939904672124
4 422 0.023446313611497113
4 423 0.03896345517693633
4 424 0.030223818183399254
4 425 0.019481727588468164
4 426 0.06044763636679851
4 427 0.023446313611497113
4 428 0.046892627222994226
4 429 0.36949959301866137
4 430 0.13637209311927714
4 431 0.030223818183399254
4 432 0.02897387980934425
5 5 0.012620249534756022
5 19 0.016484799627000047
5 31 0.05217874361555322
5 40 0.008637292755186732
5 53 0.0733759770583271
5 58 0.05217874361555322
5 67 0.025240499069512045
5 69 0.006310124767378011
5 91 0.11933810479184241
5 101 0.06377140487755054
5 104 0.07694363790629466
5 112 0.055923898005737216
5 115 0.05217874361555322
5 121 0.4473911840458977
5 129 0.1696843933979497
5 141 0.09857785097029415
5 149 0.055923898005737216
5 150 0.055923898005737216
5 159 0.19235909476573668
5 172 0.06377140487755054
5 174 0.14786677645544122
5 176 0.17416580344146598
5 183 0.10181063603876982
5 189 0.055923898005737216
5 190 0.055923898005737216
5 202 0.07694363790629466
5 232 0.059669052395921206
5 263 0.08575842420369782
5 277 0.08575842420369782
5 286 0.0733759770583271
5 315 0.06377140487755054
5 330 0.0733759770583271
5 331 0.12754280975510107
5 351 0.06377140487755054
5 352 0.06377140487755054
5 358 0.16777169401721165
5 365 0.055923898005737216
5 366 0.04928892548514707
5 367 0.06377140487755054
5 386 0.19131421463265164
5 408 0.25727527261109345
5 419 0.16777169401721165
5 421 0.06377140487755054
5 429 0.04928892548514707
5 430 0.08575842420369782
5 433 0.13304502945424831
5 434 0.08575842420369782
5 435 0.10321050325628771
5 436 0.13304502945424831
5 437 0.06377140487755054
5 438 0.10321050325628771
5 439 0.10321050325628771
5 440 0.10321050325628771
5 441 0.13304502945424831
5 442 0.10321050325628771
5 443 0.08575842420369782
5 444 0.10321050325628771
5 445 0.10321050325628771
5 446 0.10321050325628771
5 447 0.08575842420369782
5 448 0.10321050325628771
5 449 0.10321050325628771
5 450 0.08575842420369782
5 451 0.08575842420369782
5 452 0.13304502945424831
5 453 0.10321050325628771
5 454 0.20642100651257542
5 455 0.13304502945424831
5 456 0.10321050325628771
5 457 0.10321050325628771
5 458 0.20642100651257542
5 459 0.06377140487755054
6 5 0.07578656399491163
6 7 0.03583219527843226
6 16 0.025530481223781584
6 19 0.013199171891007956
6 20 0.0154019509733871
6 27 0.0826393528742631
6 31 0.09400244459438872
6 37 0.03486309250302008
6 40 0.024205201164034424
6 41 0.01743154625151004
6 43 0.06716634347656185
6 50 0.013586416130970828
6 54 0.1029985387549941
6 58 0.05222358033021596
6 66 0.06716634347656185
6 67 0.030314625597964648
6 68 0.03626179465777127
6 69 0.0025262187998303875
6 70 0.1386175587604839
6 71 0.01743154625151004
6 72 0.06266829639625915
6 74 0.0154019509733871
6 79 0.08955512463541579
6 80 0.03626179465777127
6 82 0.01743154625151004
6 84 0.020889432132086383
6 91 0.07166439055686452
6 96 0.022388781158853947
6 97 0.013586416130970828
6 100 0.052294638754530116
6 104 0.0308039019467742
6 109 0.05919753480679086
6 110 0.025530481223781584
6 112 0.044777562317707895
6 114 0.15672146811197762
6 115 0.041778864264172766
6 116 0.1343326869531237
6 118 0.01973251160226362
6 122 0.025530481223781584
6 129 0.013586416130970828
6 130 0.010444716066043191
6 134 0.0343328462516647
6 136 0.029375611344320793
6 137 0.2462765927473934
6 138 0.05875122268864159
6 140 0.03486309250302008
6 143 0.04131967643713155
6 144 0.0343328462516647
6 149 0.11194390579426976
6 150 0.022388781158853947
6 153 0.029375611344320793
6 171 0.11194390579426976
6 172 0.05106096244756317
6 173 0.05106096244756317
6 176 0.15688391626359036
6 177 0.029375611344320793
6 183 0.040759248392912485
6 202 0.0308039019467742
6 225 0.01973251160226362
6 232 0.011944065092810754
6 233 0.025530481223781584
6 245 0.04131967643713155
6 293 0.5373307478124948
6 297 0.029375611344320793
6 311 0.025530481223781584
6 319 0.06972618500604016
6 323 0.08812683403296238
6 331 0.22977433101403424
6 351 0.025530481223781584
6 352 0.025530481223781584
6 358 0.2686653739062474
6 359 0.0154019509733871
6 365 0.022388781158853947
6 366 0.01973251160226362
6 369 0.04131967643713155
6 378 0.01743154625151004
6 393 0.0686656925033294
6 403 0.0686656925033294
6 404 0.029375611344320793
6 406 0.0343328462516647
6 413 0.04131967643713155
6 419 0.11194390579426976
6 421 0.025530481223781584
6 423 0.0343328462516647
6 429 0.01973251160226362
6 432 0.025530481223781584
6 437 0.025530481223781584
6 447 0.0343328462516647
6 450 0.0343328462516647
6 459 0.10212192489512634
6 460 0.2403299237616529
6 461 0.0686656925033294
6 462 0.0532637415299423
6 463 0.0532637415299423
6 464 0.029375611344320793
6 465 0.04131967643713155
6 466 0.04131967643713155
6 467 0.029375611344320793
6 468 0.1065274830598846
6 469 0.0532637415299423
6 470 0.0532637415299423
6 471 0.05875122268864159
6 472 0.04131967643713155
6 473 0.0343328462516647
6 474 0.0532637415299423
6 475 0.04131967643713155
6 476 0.0826393528742631
6 477 0.0343328462516647
6 478 0.04131967643713155
6 479 0.04131967643713155
6 480 0.022388781158853947
6 481 0.0532637415299423
6 482 0.0532637415299423
6 483 0.0532637415299423
6 484 0.0532637415299423
6 485 0.1065274830598846
6 486 0.0532637415299423
6 487 0.0532637415299423
6 488 0.0532637415299423
6 489 0.1029985387549941
6 490 0.0532637415299423
6 491 0.04131967643713155
6 492 0.0532637415299423
6 493 0.0532637415299423
6 494 0.0343328462516647
6 495 0.04131967643713155
6 496 0.04131967643713155
6 497 0.04131967643713155
6 498 0.04131967643713155
6 499 0.029375611344320793
6 500 0.04131967643713155
6 501 0.0532637415299423
6 502 0.0532637415299423
6 503 0.04131967643713155
6 504 0.0686656925033294
6 505 0.04131967643713155
6 506 0.0826393528742631
6 507 0.0343328462516647
6 508 0.0826393528742631
6 509 0.04131967643713155
6 510 0.04131967643713155
6 511 0.04131967643713155
6 512 0.04131967643713155
6 513 0.0686656925033294
6 514 0.0532637415299423
6 515 0.0343328462516647
6 516 0.1276524061189079
6 517 0.0826393528742631
6 518 0.0343328462516647
6 519 0.0532637415299423
7 5 0.019498341354258212
7 7 0.09218894988539404
7 19 0.012734544170406108
7 40 0.0066723277560196085
7 41 0.03363586708792833
7 58 0.08061638968789586
7 67 0.019498341354258212
7 68 0.01749266656956616
7 72 0.020154097421973965
7 74 0.029719565227368117
7 84 0.020154097421973965
7 91 0.02304723747134851
7 104 0.029719565227368117
7 110 0.14779065392312699
7 128 0.038075803946953174
7 129 0.05243262767272095
7 140 0.03363586708792833
7 141 0.038075803946953174
7 158 0.066248572364671
7 172 0.14779065392312699
7 174 0.3046064315756254
7 183 0.026216313836360475
7 189 0.12960400467996744
7 190 0.04320133489332248
7 202 0.059439130454736235
7 203 0.39865171015312684
7 232 0.06914171241404553
7 288 0.066248572364671
7 293 0.21600667446661242
7 319 0.03363586708792833
7 378 0.03363586708792833
7 386 0.049263551307708986
7 442 0.31892136812250144
7 451 0.264994289458684
7 467 0.05668310455927684
7 489 0.066248572364671
7 494 0.066248572364671
7 499 0.11336620911855368
7 500 0.07973034203062536
7 520 0.10277757950197386
7 521 0.10277757950197386
7 522 0.07973034203062536
7 523 0.10277757950197386
7 524 0.10277757950197386
7 525 0.20555515900394772
7 526 0.31892136812250144
7 527 0.10277757950197386
7 528 0.10277757950197386
7 529 0.066248572364671
7 530 0.07973034203062536
7 531 0.10277757950197386
7 532 0.10277757950197386
7 533 0.15946068406125072
7 534 0.15946068406125072
7 535 0.10277757950197386
7 536 0.10277757950197386
7 537 0.15946068406125072
7 538 0.10277757950197386
7 539 0.07973034203062536
7 540 0.05668310455927684
7 541 0.07973034203062536
7 542 0.07973034203062536
7 543 0.10277757950197386
8 5 0.020013907710729265
8 17 0.021527611035360064
8 69 0.008005563084291706
8 70 0.024404317263986997
8 72 0.04964880716379628
8 102 0.027620201223777945
8 127 0.028728319643364877
8 130 0.016549602387932096
8 163 0.06547082864757944
8 178 0.021527611035360064
8 213 0.04045292474726081
8 222 0.2618833145903178
8 223 0.10880045962346718
8 226 0.03126606975889136
8 232 0.018925313711900746
8 243 0.09309102987135738
8 268 0.13963654480703608
8 286 0.04654551493567869
8 356 0.10880045962346718
8 361 0.03126606975889136
8 362 0.05440022981173359
8 387 0.05440022981173359
8 400 0.027620201223777945
8 447 0.05440022981173359
8 544 0.08439614235948019
8 545 0.19641248594273833
8 546 0.10880045962346718
8 547 0.16320068943520077
8 548 0.08439614235948019
8 549 0.027620201223777945
8 550 0.08439614235948019
8 551 0.10880045962346718
8 552 0.05440022981173359
8 553 0.08439614235948019
8 554 0.5063768541568812
8 555 0.16879228471896038
8 556 0.08439614235948019
8 557 0.08439614235948019
8 558 0.06547082864757944
8 559 0.16879228471896038
8 560 0.08439614235948019
8 561 0.04654551493567869
8 562 0.08439614235948019
8 563 0.06547082864757944
8 564 0.06547082864757944
8 565 0.08439614235948019
8 566 0.06547082864757944
8 567 0.19641248594273833
8 568 0.08439614235948019
8 569 0.08439614235948019
8 570 0.08439614235948019
8 571 0.08439614235948019
8 572 0.16879228471896038
8 573 0.06547082864757944
8 574 0.16879228471896038
8 575 0.19641248594273833
8 576 0.09309102987135738
8 577 0.08439614235948019
8 578 0.06547082864757944
8 579 0.08439614235948019
8 580 0.08439614235948019
8 581 0.08439614235948019
8 582 0.33758456943792076
8 583 0.05440022981173359
8 584 0.08439614235948019
8 585 0.1309416572951589
8 586 0.08439614235948019
8 587 0.08439614235948019
9 5 0.02900579935586886
9 7 0.03428514937015419
9 8 0.018880565437728564
9 11 0.039535709926938015
9 17 0.051999304294457684
9 19 0.012629301005119654
9 20 0.0147369756614441
9 30 0.016678943680168548
9 32 0.04284430246499738
9 35 0.03285053435588342
9 52 0.02442820919699915
9 58 0.019987536218227915
9 61 0.018880565437728564
9 69 0.03142294930219127
9 70 0.0147369756614441
9 71 0.016678943680168548
9 72 0.03997507243645583
9 74 0.08842185396866459
9 80 0.060718351584915724
9 84 0.009993768109113958
9 91 0.01142838312338473
9 96 0.02142215123249869
9 97 0.03899947822084326
9 102 0.050036831040505644
9 113 0.0977128367879966
9 127 0.017348100452833068
9 128 0.018880565437728564
9 146 0.018880565437728564
9 168 0.056214653607106556
9 178 0.012999826073614421
9 198 0.028107326803553278
9 201 0.018880565437728564
9 212 0.1510445235018285
9 218 0.06570106871176684
9 241 0.06570106871176684
9 252 0.02442820919699915
9 268 0.028107326803553278
9 270 0.028107326803553278
9 316 0.02442820919699915
9 356 0.03285053435588342
9 359 0.0147369756614441
9 361 0.03776113087545713
9 378 0.033357887360337096
9 383 0.02442820919699915
9 399 0.039535709926938015
9 400 0.016678943680168548
9 471 0.028107326803553278
9 496 0.039535709926938015
9 497 0.039535709926938015
9 549 0.016678943680168548
9 561 0.1405366340177664
9 588 0.15289227915096823
9 589 0.05096409305032274
9 590 0.07907141985387603
9 591 0.10192818610064548
9 592 0.05096409305032274
9 593 0.05096409305032274
9 594 0.05096409305032274
9 595 0.039535709926938015
9 596 0.03285053435588342
9 597 0.03285053435588342
9 598 0.7907141985387603
9 599 0.05096409305032274
9 600 0.05096409305032274
9 601 0.039535709926938015
9 602 0.039535709926938015
9 603 0.039535709926938015
9 604 0.15289227915096823
9 605 0.05096409305032274
9 606 0.039535709926938015
9 607 0.039535709926938015
9 608 0.039535709926938015
9 609 0.05096409305032274
9 610 0.1976785496346901
9 611 0.039535709926938015
9 612 0.039535709926938015
9 613 0.039535709926938015
9 614 0.039535709926938015
9 615 0.15289227915096823
9 616 0.028107326803553278
9 617 0.039535709926938015
9 618 0.05096409305032274
9 619 0.25482046525161367
9 620 0.05096409305032274
9 621 0.05096409305032274
9 622 0.15289227915096823
10 5 0.04057689588232544
10 7 0.01918492118399403
10 19 0.021200911955461095
10 30 0.027999080576985382
10 31 0.016776621105057947
10 32 0.10788462686715594
10 37 0.027999080576985382
10 40 0.016662484899391556
10 50 0.021822915449657986
10 52 0.04100783663365202
10 55 0.06636892294497344
10 64 0.05514646347304601
10 69 0.004057689588232544
10 72 0.016776621105057947
10 80 0.02912239958061907
10 82 0.055998161153970764
10 84 0.016776621105057947
10 88 0.024739082817124548
10 121 0.25173079602336385
10 127 0.014561199790309535
10 129 0.021822915449657986
10 159 0.049478165634249095
10 175 0.04100783663365202
10 183 0.06546874634897396
10 187 0.047184001760979415
10 188 0.06636892294497344
10 198 0.047184001760979415
10 202 0.024739082817124548
10 205 0.06636892294497344
10 212 0.2535596897103571
10 224 0.05514646347304601
10 225 0.12677984485517854
10 232 0.01918492118399403
10 249 0.04100783663365202
10 250 0.05514646347304601
10 275 0.047184001760979415
10 278 0.05514646347304601
10 300 0.06636892294497344
10 319 0.027999080576985382
10 323 0.047184001760979415
10 328 0.16543939041913802
10 330 0.09436800352195883
10 359 0.024739082817124548
10 361 0.06338992242758927
10 366 0.031694961213794635
10 378 0.027999080576985382
10 400 0.027999080576985382
10 412 0.2050391831682601
10 460 0.11029292694609202
10 516 0.08201567326730404
10 561 0.09436800352195883
10 616 0.047184001760979415
10 623 0.06636892294497344
10 624 0.06636892294497344
10 625 0.2566615323869024
10 626 0.08555384412896747
10 627 0.06636892294497344
10 628 0.1327378458899469
10 629 0.17110768825793493
10 630 0.2566615323869024
10 631 0.06636892294497344
10 632 0.047184001760979415
10 633 0.08555384412896747
10 634 0.05514646347304601
10 635 0.08555384412896747
10 636 0.08555384412896747
10 637 0.2566615323869024
10 638 0.08555384412896747
10 639 0.17110768825793493
10 640 0.17110768825793493
10 641 0.11029292694609202
10 642 0.11029292694609202
10 643 0.05514646347304601
10 644 0.08555384412896747
10 645 0.08555384412896747
10 646 0.2566615323869024
10 647 0.17110768825793493
10 648 0.2654756917798938
10 649 0.08555384412896747
10 650 0.08555384412896747
10 651 0.08555384412896747
10 652 0.05514646347304601
10 653 0.17110768825793493
10 654 0.17110768825793493
10 655 0.11029292694609202
11 5 0.005573915293898267
11 7 0.026353697904791227
11 8 0.021769165088603337
11 17 0.05995484846108261
11 19 0.014561499200904724
11 20 0.033983267835785896
11 23 0.04353833017720667
11 35 0.03787644538510685
11 39 0.032407558947529516
11 40 0.01144435489649201
11 47 0.028165561067666264
11 49 0.028165561067666264
11 52 0.028165561067666264
11 54 0.3408880084659616
11 67 0.025082618822542202
11 69 0.0083608729408474
11 71 0.019230709995133904
11 74 0.050974901753678845
11 80 0.010001121628930175
11 82 0.03846141999026781
11 85 0.03787644538510685
11 91 0.026353697904791227
11 97 0.029977424230541304
11 100 0.019230709995133904
11 102 0.019230709995133904
11 113 0.028165561067666264
11 114 0.12349798216355619
11 115 0.034568242440946854
11 116 0.09879838573084494
11 127 0.010001121628930175
11 130 0.011522747480315619
11 138 0.06481511789505903
11 139 0.032407558947529516
11 146 0.021769165088603337
11 159 0.016991633917892948
11 168 0.12963023579011806
11 169 0.04353833017720667
11 187 0.06481511789505903
11 194 0.045584407899925135
11 202 0.08495816958946474
11 212 0.06530749526581
11 217 0.045584407899925135
11 219 0.09116881579985027
11 225 0.04353833017720667
11 231 0.03787644538510685
11 232 0.013176848952395613
11 233 0.2253244885413301
11 257 0.09116881579985027
11 273 0.03787644538510685
11 275 0.032407558947529516
11 279 0.028165561067666264
11 285 0.1515057815404274
11 311 0.05633112213533253
11 328 0.03787644538510685
11 329 0.045584407899925135
11 361 0.021769165088603337
11 365 0.024699596432711236
11 375 0.03787644538510685
11 380 0.024699596432711236
11 392 0.032407558947529516
11 412 0.028165561067666264
11 419 0.024699596432711236
11 425 0.03787644538510685
11 432 0.028165561067666264
11 438 0.045584407899925135
11 451 0.11362933615532053
11 461 0.22725867231064106
11 464 0.032407558947529516
11 472 0.1367532236997754
11 473 0.03787644538510685
11 491 0.1367532236997754
11 498 0.09116881579985027
11 504 0.0757528907702137
11 507 0.03787644538510685
11 508 0.4558440789992514
11 526 0.09116881579985027
11 541 0.045584407899925135
11 549 0.03846141999026781
11 552 0.03787644538510685
11 576 0.032407558947529516
11 596 0.03787644538510685
11 597 0.03787644538510685
11 634 0.03787644538510685
11 641 0.03787644538510685
11 655 0.03787644538510685
11 656 0.058761256852320747
11 657 0.045584407899925135
11 658 0.058761256852320747
11 659 0.17628377055696223
11 660 0.045584407899925135
11 661 0.058761256852320747
11 662 0.11362933615532053
11 663 0.058761256852320747
11 664 0.058761256852320747
11 665 0.058761256852320747
11 666 0.045584407899925135
11 667 0.045584407899925135
11 668 0.058761256852320747
11 669 0.045584407899925135
11 670 0.058761256852320747
11 671 0.17628377055696223
11 672 0.058761256852320747
11 673 0.17628377055696223
11 674 0.058761256852320747
11 675 0.058761256852320747
11 676 0.058761256852320747
11 677 0.058761256852320747
11 678 0.09116881579985027
11 679 0.11752251370464149
11 680 0.058761256852320747
11 681 0.045584407899925135
11 682 0.058761256852320747
11 683 0.032407558947529516
11 684 0.058761256852320747
11 685 0.058761256852320747
11 686 0.23504502740928299
11 687 0.09116881579985027
11 688 0.058761256852320747
11 689 0.045584407899925135
11 690 0.058761256852320747
11 691 0.058761256852320747
11 692 0.11752251370464149
11 693 0.18233763159970054
11 694 0.058761256852320747
12 2 0.04538566139897487
12 4 0.022692830699487434
12 5 0.005009231257513381
12 7 0.00789461628168011
12 8 0.01304251158740234
12 19 0.030534695496894266
12 24 0.02731088518185299
12 28 0.022692830699487434
12 30 0.0345649578554783
12 32 0.029596428835614648
12 40 0.00228554365376166
12 48 0.02731088518185299
12 51 0.16386531109111793
12 61 0.01304251158740234
12 67 0.021706668782557986
12 68 0.017975849445962016
12 69 0.003339487505008921
12 71 0.0345649578554783
12 72 0.03451799068063606
12 73 0.019416268900172878
12 78 0.02731088518185299
12 80 0.011983899630641342
12 84 0.03451799068063606
12 88 0.01018015993544177
12 90 0.019416268900172878
12 96 0.014798214417807324
12 97 0.05388092303438842
12 100 0.023043305236985532
12 102 0.046086610473971064
12 107 0.019416268900172878
12 127 0.005991949815320671
12 128 0.02608502317480468
12 130 0.013807196272254423
12 146 0.01304251158740234
12 178 0.008980153839064737
12 198 0.019416268900172878
12 199 0.022692830699487434
12 201 0.02608502317480468
12 202 0.04072063974176708
12 212 0.02608502317480468
12 218 0.22692830699487437
12 225 0.02608502317480468
12 226 0.02608502317480468
12 232 0.00789461628168011
12 241 0.04538566139897487
12 243 0.15533015120138302
12 252 0.016874770120744845
12 266 0.022692830699487434
12 270 0.019416268900172878
12 275 0.07766507560069151
12 285 0.04538566139897487
12 294 0.019416268900172878
12 316 0.016874770120744845
12 319 0.011521652618492766
12 359 0.01018015993544177
12 368 0.016874770120744845
12 380 0.014798214417807324
12 383 0.016874770120744845
12 477 0.022692830699487434
12 480 0.029596428835614648
12 509 0.10924354072741196
12 518 0.022692830699487434
12 549 0.011521652618492766
12 561 0.019416268900172878
12 564 0.02731088518185299
12 576 0.019416268900172878
12 590 0.05462177036370598
12 595 0.02731088518185299
12 597 0.022692830699487434
12 598 0.16386531109111793
12 601 0.02731088518185299
12 602 0.02731088518185299
12 603 0.02731088518185299
12 607 0.02731088518185299
12 610 0.10924354072741196
12 611 0.02731088518185299
12 612 0.02731088518185299
12 613 0.02731088518185299
12 614 0.02731088518185299
12 616 0.019416268900172878
12 642 0.0680784920984623
12 689 0.08193265554555897
12 695 0.02731088518185299
12 696 0.02731088518185299
12 697 0.24643851024473168
12 698 0.0704110029270662
12 699 0.0352055014635331
12 700 0.0704110029270662
12 701 0.0352055014635331
12 702 0.0352055014635331
12 703 0.1408220058541324
12 704 0.2112330087811986
12 705 0.0352055014635331
12 706 0.1056165043905993
12 707 0.0352055014635331
12 708 0.3168495131717979
12 709 0.0704110029270662
12 710 0.0352055014635331
12 711 0.022692830699487434
12 712 0.02731088518185299
12 713 0.0352055014635331
12 714 0.0704110029270662
12 715 0.02731088518185299
12 716 0.019416268900172878
12 717 0.1056165043905993
12 718 0.1056165043905993
12 719 0.10924354072741196
12 720 0.0352055014635331
12 721 0.49287702048946336
12 722 0.0352055014635331
12 723 0.0352055014635331
12 724 0.1056165043905993
12 725 0.2112330087811986
12 726 0.0352055014635331
12 727 0.35205501463533095
12 728 0.02731088518185299
12 729 0.02731088518185299
12 730 0.0352055014635331
12 731 0.02731088518185299
12 732 0.1056165043905993
12 733 0.0352055014635331
12 734 0.0352055014635331
12 735 0.02731088518185299
12 736 0.0352055014635331
12 737 0.1056165043905993
12 738 0.11346415349743719
12 739 0.0352055014635331
12 740 0.0352055014635331
12 741 0.0704110029270662
13 4 0.03899385497102092
13 5 0.034430122845131604
13 16 0.14498242803452993
13 17 0.1388781060193036
13 30 0.1979804358396496
13 32 0.025428270032926442
13 34 0.04692921346015392
13 40 0.003927326605698972
13 58 0.1304895360431516
13 67 0.005738353807521934
13 69 0.037299299748892574
13 74 0.03498582308758689
13 104 0.017492911543793444
13 122 0.11598594242762394
13 127 0.02059233818701404
13 130 0.02372537018966393
13 140 0.01979804358396496
13 147 0.14078764038046174
13 212 0.06723416025509509
13 226 0.04482277350339673
13 256 0.04692921346015392
13 315 0.2029753992483419
13 322 0.09385842692030784
13 354 0.09385842692030784
13 359 0.052478734631380336
13 400 0.05939413075189488
13 403 0.07798770994204184
13 404 0.03336362852205944
13 412 0.17397891364143592
13 464 0.13345451408823775
13 558 0.14078764038046174
13 576 0.03336362852205944
13 585 0.09385842692030784
13 652 0.03899385497102092
13 683 0.03336362852205944
13 711 0.07798770994204184
13 716 0.03336362852205944
13 735 0.14078764038046174
13 742 0.12098959679649678
13 743 0.37543370768123135
13 744 0.06049479839824839
13 745 0.06049479839824839
13 746 0.06049479839824839
13 747 0.2346460673007696
13 748 0.06049479839824839
13 749 0.06049479839824839
13 750 0.12098959679649678
13 751 0.18148439519474516
13 752 0.3629687903894903
13 753 0.12098959679649678
13 754 0.06049479839824839
13 755 0.12098959679649678
13 756 0.12098959679649678
13 757 0.06049479839824839
13 758 0.06049479839824839
13 759 0.12098959679649678
13 760 0.06049479839824839
13 761 0.04692921346015392
13 762 0.06049479839824839
13 763 0.06049479839824839
13 764 0.06049479839824839
13 765 0.06049479839824839
13 766 0.12098959679649678
13 767 0.12098959679649678
13 768 0.12098959679649678
13 769 0.06049479839824839
13 770 0.18148439519474516
13 771 0.18148439519474516
13 772 0.12098959679649678
13 773 0.09385842692030784
13 774 0.18148439519474516
13 775 0.06049479839824839
14 16 0.10872463858224404
14 23 0.028011094835632588
14 31 0.014826695058100418
14 40 0.004908608254435676
14 58 0.0889601703486025
14 60 0.041699863241233905
14 61 0.028011094835632588
14 67 0.02151641589390661
14 68 0.0386063083178124
14 69 0.003586069315651102
14 71 0.024744781861765167
14 72 0.014826695058100418
14 80 0.012868769439270799
14 86 0.058654944620702656
14 102 0.0742343455852955
14 108 0.024744781861765167
14 109 0.056022189671265175
14 115 0.029653390116200835
14 123 0.031781776437569166
14 127 0.012868769439270799
14 139 0.041699863241233905
14 179 0.041699863241233905
14 180 0.041699863241233905
14 181 0.041699863241233905
14 185 0.058654944620702656
14 223 0.048736857817037904
14 232 0.05086524413840623
14 243 0.041699863241233905
14 297 0.041699863241233905
14 307 0.058654944620702656
14 316 0.03624154619408135
14 319 0.148468691170591
14 341 0.058654944620702656
14 352 0.5436231929112202
14 361 0.08403328450689776
14 393 0.048736857817037904
14 400 0.024744781861765167
14 429 0.08403328450689776
14 432 0.03624154619408135
14 480 0.031781776437569166
14 515 0.5361054359874169
14 545 0.11730988924140531
14 547 0.048736857817037904
14 549 0.024744781861765167
14 551 0.048736857817037904
14 563 0.11730988924140531
14 567 0.058654944620702656
14 578 0.11730988924140531
14 729 0.058654944620702656
14 738 0.048736857817037904
14 776 0.2268300780005142
14 777 0.07561002600017139
14 778 0.07561002600017139
14 779 0.058654944620702656
14 780 0.07561002600017139
14 781 0.07561002600017139
14 782 0.3780501300008569
14 783 0.17596483386210796
15 5 0.019590101326848814
15 17 0.10535875542226268
15 67 0.019590101326848814
15 69 0.03918020265369763
15 70 0.11943770674973565
15 82 0.13517663528339705
15 365 0.17361856839797105
15 642 0.2662413631607804
15 784 0.8260900391436502
15 785 0.4130450195718251
16 5 0.017850858003708496
16 17 0.048002410786733604
16 67 0.017850858003708496
16 69 0.017850858003708496
16 80 0.03202929945334559
16 353 0.14598729074614156
16 400 0.06158770905783673
16 417 0.14598729074614156
16 623 0.14598729074614156
16 786 0.18818708159029393
16 787 0.18818708159029393
16 788 0.14598729074614156
16 789 0.18818708159029393
16 790 0.18818708159029393
16 791 0.18818708159029393
16 792 0.18818708159029393
16 793 0.18818708159029393
16 794 0.18818708159029393
16 795 0.5645612447708819
16 796 0.18818708159029393
16 797 0.18818708159029393
16 798 0.37637416318058786
16 799 0.14598729074614156
16 800 0.18818708159029393
16 801 0.18818708159029393
17 1 0.016914818471222778
17 5 0.010879092261546024
17 7 0.03956676160596035
17 8 0.039220394884998726
17 19 0.026234710722831758
17 20 0.010204320182372467
17 23 0.019610197442499363
17 30 0.017323494880446835
17 31 0.044979884456471095
17 36 0.025372227706834168
17 39 0.019462348908156627
17 40 0.010309355375311795
17 41 0.02309799317392911
17 43 0.02225000181789682
17 47 0.05920186464927972
17 50 0.018002932300061416
17 52 0.008457409235611389
17 57 0.06765927388489111
17 58 0.006919982224072477
17 61 0.0065367324808331215
17 67 0.012552798763322336
17 68 0.01201234063511525
17 69 0.002510559752664467
17 70 0.005102160091186234
17 71 0.011548996586964556
17 72 0.013839964448144953
17 79 0.014833334545264547
17 80 0.021021596111451688
17 84 0.03805990223239862
17 88 0.005102160091186234
17 91 0.003956676160596035
17 96 0.007416667272632274
17 97 0.013502199225046061
17 100 0.011548996586964556
17 104 0.02551080045593117
17 105 0.022746686866456617
17 106 0.011373343433228308
17 107 0.019462348908156627
17 108 0.03464698976089367
17 109 0.032683662404165606
17 110 0.016914818471222778
17 112 0.051916670908425916
17 114 0.007416667272632274
17 115 0.013839964448144953
17 116 0.029666669090529094
17 118 0.0065367324808331215
17 121 0.051916670908425916
17 122 0.008457409235611389
17 124 0.011373343433228308
17 127 0.0030030851587788125
17 128 0.013073464961666243
17 129 0.13502199225046063
17 130 0.0034599911120362383
17 136 0.05838704672446988
17 140 0.02887249146741139
17 141 0.06536732480833121
17 146 0.039220394884998726
17 148 0.05686671716614155
17 149 0.051916670908425916
17 159 0.010204320182372467
17 160 0.02919352336223494
17 161 0.022746686866456617
17 167 0.022746686866456617
17 169 0.032683662404165606
17 171 0.07416667272632274
17 174 0.026146929923332486
17 176 0.10971546757616328
17 177 0.019462348908156627
17 178 0.009001466150030708
17 183 0.009001466150030708
17 189 0.007416667272632274
17 201 0.013073464961666243
17 202 0.005102160091186234
17 209 0.04106355184402305
17 213 0.025372227706834168
17 215 0.01368785061467435
17 224 0.011373343433228308
17 226 0.013073464961666243
17 229 0.009731174454078314
17 232 0.01582670464238414
17 233 0.0761166831205025
17 248 0.01368785061467435
17 249 0.033829636942445555
17 258 0.01368785061467435
17 263 0.011373343433228308
17 278 0.011373343433228308
17 279 0.025372227706834168
17 288 0.022746686866456617
17 293 0.14091667818001322
17 298 0.01368785061467435
17 324 0.0273757012293487
17 335 0.01368785061467435
17 337 0.01368785061467435
17 352 0.008457409235611389
17 358 0.007416667272632274
17 359 0.010204320182372467
17 367 0.025372227706834168
17 368 0.008457409235611389
17 378 0.005774498293482278
17 381 0.01368785061467435
17 407 0.04106355184402305
17 408 0.034120030299684925
17 429 0.019610197442499363
17 434 0.011373343433228308
17 437 0.05920186464927972
17 446 0.01368785061467435
17 453 0.01368785061467435
17 459 0.016914818471222778
17 465 0.0273757012293487
17 467 0.09731174454078312
17 476 0.0273757012293487
17 499 0.019462348908156627
17 513 0.10236009089905478
17 516 0.025372227706834168
17 517 0.04106355184402305
17 529 0.011373343433228308
17 530 0.0273757012293487
17 537 0.01368785061467435
17 540 0.02919352336223494
17 542 0.0273757012293487
17 546 0.011373343433228308
17 549 0.011548996586964556
17 566 0.0273757012293487
17 583 0.022746686866456617
17 606 0.0273757012293487
17 624 0.01368785061467435
17 632 0.02919352336223494
17 634 0.011373343433228308
17 641 0.011373343433228308
17 655 0.011373343433228308
17 660 0.01368785061467435
17 662 0.011373343433228308
17 683 0.009731174454078314
17 693 0.01368785061467435
17 695 0.01368785061467435
17 716 0.009731174454078314
17 761 0.01368785061467435
17 773 0.0273757012293487
17 788 0.01368785061467435
17 802 0.0882226338763519
17 803 0.017644526775270383
17 804 0.017644526775270383
17 805 0.15056635676141783
17 806 0.07057810710108153
17 807 0.017644526775270383
17 808 0.017644526775270383
17 809 0.017644526775270383
17 810 0.017644526775270383
17 811 0.2117343213032446
17 812 0.05293358032581115
17 813 0.03528905355054077
17 814 0.017644526775270383
17 815 0.017644526775270383
17 816 0.017644526775270383
17 817 0.05293358032581115
17 818 0.017644526775270383
17 819 0.1058671606516223
17 820 0.017644526775270383
17 821 0.017644526775270383
17 822 0.017644526775270383
17 823 0.01368785061467435
17 824 0.28231242840432613
17 825 0.017644526775270383
17 826 0.28231242840432613
17 827 0.017644526775270383
17 828 0.03528905355054077
17 829 0.017644526775270383
17 830 0.01368785061467435
17 831 0.05293358032581115
17 832 0.03528905355054077
17 833 0.017644526775270383
17 834 0.017644526775270383
17 835 0.017644526775270383
17 836 0.017644526775270383
17 837 0.017644526775270383
17 838 0.03528905355054077
17 839 0.03528905355054077
17 840 0.01368785061467435
17 841 0.01368785061467435
17 842 0.03528905355054077
17 843 0.017644526775270383
17 844 0.6528474906850041
17 845 0.017644526775270383
17 846 0.03528905355054077
17 847 0.017644526775270383
17 848 0.017644526775270383
17 849 0.05293358032581115
17 850 0.05293358032581115
17 851 0.05293358032581115
17 852 0.017644526775270383
17 853 0.017644526775270383
17 854 0.03528905355054077
17 855 0.017644526775270383
17 856 0.1764452677527038
17 857 0.017644526775270383
17 858 0.017644526775270383
17 859 0.07057810710108153
17 860 0.0821271036880461
17 861 0.03528905355054077
17 862 0.017644526775270383
17 863 0.04106355184402305
17 864 0.01368785061467435
17 865 0.01368785061467435
17 866 0.017644526775270383
17 867 0.017644526775270383
17 868 0.03528905355054077
17 869 0.03528905355054077
17 870 0.017644526775270383
17 871 0.0273757012293487
17 872 0.0273757012293487
17 873 0.017644526775270383
17 874 0.07057810710108153
17 875 0.05293358032581115
17 876 0.03528905355054077
17 877 0.01368785061467435
17 878 0.011373343433228308
17 879 0.09581495430272045
17 880 0.05293358032581115
17 881 0.03528905355054077
17 882 0.017644526775270383
17 883 0.017644526775270383
17 884 0.05293358032581115
17 885 0.03528905355054077
17 886 0.05293358032581115
17 887 0.0273757012293487
17 888 0.017644526775270383
17 889 0.017644526775270383
17 890 0.1642542073760922
17 891 0.017644526775270383
17 892 0.017644526775270383
17 893 0.03528905355054077
17 894 0.03528905355054077
17 895 0.017644526775270383
17 896 0.017644526775270383
17 897 0.09098674746582647
17 898 0.017644526775270383
17 899 0.017644526775270383
17 900 0.017644526775270383
17 901 0.017644526775270383
18 1 0.03155461974486282
18 5 0.0010407673468465389
18 6 0.012102347224585832
18 7 0.01968316115459458
18 8 0.00812952296463209
18 10 0.03630704167375749
18 12 0.024204694449171664
18 14 0.051069412539703436
18 16 0.01051820658162094
18 17 0.005597416292972295
18 19 0.02447044650180001
18 20 0.0063453916390412484
18 23 0.04064761482316045
18 30 0.014363113871874372
18 31 0.008606158286329787
18 32 0.00922386943181354
18 36 0.01051820658162094
18 37 0.02154467080781156
18 40 0.009972209452748224
18 41 0.014363113871874372
18 42 0.014144659720462187
18 43 0.08301482488632186
18 45 0.014144659720462187
18 47 0.04207282632648376
18 49 0.01051820658162094
18 50 0.016792248878916883
18 57 0.01051820658162094
18 58 0.03442463314531915
18 60 0.012102347224585832
18 65 0.012102347224585832
18 66 0.00922386943181354
18 67 0.04163069387386155
18 68 0.04855291965062117
18 69 0.0020815346936930777
18 70 0.0063453916390412484
18 71 0.007181556935937186
18 72 0.043030791431648945
18 73 0.024204694449171664
18 74 0.019036174917123744
18 79 0.04611934715906771
18 80 0.03734839973124705
18 82 0.007181556935937186
18 84 0.03442463314531915
18 85 0.028289319440924374
18 88 0.012690783278082497
18 90 0.024204694449171664
18 91 0.03444553202054052
18 95 0.014144659720462187
18 97 0.016792248878916883
18 100 0.028726227743748743
18 102 0.007181556935937186
18 104 0.05076313311232999
18 105 0.014144659720462187
18 107 0.060511736122929156
18 108 0.02154467080781156
18 109 0.00812952296463209
18 112 0.01844773886362708
18 113 0.08414565265296751
18 114 0.01844773886362708
18 115 0.10327389943595745
18 117 0.03404627502646896
18 118 0.02438856889389627
18 121 0.19370125806808433
18 122 0.02103641316324188
18 123 0.00922386943181354
18 124 0.014144659720462187
18 127 0.003734839973124705
18 128 0.01625904592926418
18 129 0.07836382810161213
18 130 0.012909237429494682
18 131 0.042433979161386554
18 137 0.00922386943181354
18 140 0.007181556935937186
18 141 0.04064761482316045
18 144 0.1273019374841597
18 146 0.04877713778779254
18 149 0.11068643318176248
18 150 0.00922386943181354
18 152 0.11916196259264136
18 153 0.060511736122929156
18 155 0.01702313751323448
18 156 0.01702313751323448
18 158 0.014144659720462187
18 159 0.20939792408836122
18 160 0.012102347224585832
18 161 0.014144659720462187
18 169 0.04877713778779254
18 171 0.03689547772725416
18 172 0.01051820658162094
18 173 0.01051820658162094
18 174 0.01625904592926418
18 175 0.01051820658162094
18 176 0.12208646791093217
18 177 0.012102347224585832
18 178 0.005597416292972295
18 179 0.012102347224585832
18 180 0.012102347224585832
18 181 0.012102347224585832
18 183 0.01119483258594459
18 187 0.012102347224585832
18 189 0.00922386943181354
18 190 0.01844773886362708
18 192 0.014144659720462187
18 202 0.03807234983424749
18 225 0.06503618371705672
18 226 0.00812952296463209
18 229 0.024204694449171664
18 231 0.042433979161386554
18 232 0.00984158057729729
18 234 0.012102347224585832
18 236 0.051069412539703436
18 240 0.01702313751323448
18 249 0.01051820658162094
18 250 0.028289319440924374
18 252 0.01051820658162094
18 253 0.01702313751323448
18 266 0.028289319440924374
18 268 0.012102347224585832
18 270 0.07261408334751498
18 274 0.03404627502646896
18 279 0.03155461974486282
18 294 0.012102347224585832
18 297 0.012102347224585832
18 302 0.01702313751323448
18 311 0.01051820658162094
18 312 0.03404627502646896
18 313 0.028289319440924374
18 315 0.01051820658162094
18 319 0.007181556935937186
18 323 0.14522816669502997
18 330 0.024204694449171664
18 331 0.03155461974486282
18 347 0.03404627502646896
18 349 0.01702313751323448
18 359 0.012690783278082497
18 361 0.20323807411580228
18 362 0.226314555527395
18 363 0.024204694449171664
18 366 0.00812952296463209
18 368 0.01051820658162094
18 371 0.024204694449171664
18 375 0.014144659720462187
18 378 0.02154467080781156
18 380 0.07379095545450833
18 383 0.01051820658162094
18 386 0.02103641316324188
18 387 0.014144659720462187
18 394 0.01702313751323448
18 395 0.01702313751323448
18 400 0.02154467080781156
18 404 0.04840938889834333
18 412 0.01051820658162094
18 415 0.01702313751323448
18 419 0.02767160829544062
18 421 0.02103641316324188
18 422 0.01702313751323448
18 423 0.07072329860231094
18 428 0.01702313751323448
18 429 0.056906660752424634
18 430 0.014144659720462187
18 432 0.02103641316324188
18 434 0.014144659720462187
18 435 0.051069412539703436
18 437 0.02103641316324188
18 440 0.01702313751323448
18 443 0.16973591664554621
18 444 0.28939333772498615
18 445 0.01702313751323448
18 448 0.01702313751323448
18 449 0.03404627502646896
18 450 0.028289319440924374
18 454 0.18725451264557927
18 456 0.01702313751323448
18 457 0.051069412539703436
18 458 0.3234396127514551
18 459 0.03155461974486282
18 460 0.014144659720462187
18 466 0.01702313751323448
18 471 0.012102347224585832
18 473 0.014144659720462187
18 477 0.042433979161386554
18 479 0.01702313751323448
18 480 0.08301482488632186
18 489 0.014144659720462187
18 506 0.03404627502646896
18 510 0.03404627502646896
18 512 0.01702313751323448
18 515 0.014144659720462187
18 516 0.04207282632648376
18 522 0.01702313751323448
18 533 0.01702313751323448
18 539 0.0851156875661724
18 540 0.03630704167375749
18 546 0.014144659720462187
18 547 0.014144659720462187
18 549 0.07899712629530906
18 551 0.014144659720462187
18 552 0.014144659720462187
18 573 0.051069412539703436
18 575 0.01702313751323448
18 583 0.014144659720462187
18 596 0.08486795832277311
18 608 0.01702313751323448
18 616 0.012102347224585832
18 617 0.03404627502646896
18 627 0.2553470626985172
18 628 0.03404627502646896
18 631 0.03404627502646896
18 632 0.012102347224585832
18 643 0.028289319440924374
18 648 0.01702313751323448
18 652 0.014144659720462187
18 666 0.01702313751323448
18 667 0.03404627502646896
18 669 0.01702313751323448
18 678 0.01702313751323448
18 681 0.01702313751323448
18 683 0.024204694449171664
18 696 0.01702313751323448
18 711 0.014144659720462187
18 712 0.03404627502646896
18 715 0.01702313751323448
18 719 0.01702313751323448
18 728 0.03404627502646896
18 731 0.03404627502646896
18 738 0.07072329860231094
18 743 0.03404627502646896
18 783 0.01702313751323448
18 805 0.03404627502646896
18 830 0.01702313751323448
18 840 0.01702313751323448
18 841 0.01702313751323448
18 860 0.01702313751323448
18 863 0.06809255005293792
18 864 0.01702313751323448
18 872 0.01702313751323448
18 877 0.01702313751323448
18 890 0.03404627502646896
18 897 0.028289319440924374
18 902 0.021943927801883124
18 903 0.01702313751323448
18 904 0.13166356681129873
18 905 0.04388785560376625
18 906 0.051069412539703436
18 907 0.021943927801883124
18 908 0.021943927801883124
18 909 0.021943927801883124
18 910 0.021943927801883124
18 911 0.021943927801883124
18 912 0.01702313751323448
18 913 0.021943927801883124
18 914 0.021943927801883124
18 915 0.021943927801883124
18 916 0.01702313751323448
18 917 0.021943927801883124
18 918 0.021943927801883124
18 919 0.021943927801883124
18 920 0.021943927801883124
18 921 0.021943927801883124
18 922 0.04388785560376625
18 923 0.021943927801883124
18 924 0.021943927801883124
18 925 0.021943927801883124
18 926 0.021943927801883124
18 927 0.06583178340564937
18 928 0.021943927801883124
18 929 0.021943927801883124
18 930 0.04388785560376625
18 931 0.021943927801883124
18 932 0.021943927801883124
18 933 0.021943927801883124
18 934 0.021943927801883124
18 935 0.021943927801883124
18 936 0.021943927801883124
18 937 0.021943927801883124
18 938 0.021943927801883124
18 939 0.24138320582071435
18 940 0.04388785560376625
18 941 0.021943927801883124
18 942 0.021943927801883124
18 943 0.021943927801883124
18 944 0.021943927801883124
18 945 0.021943927801883124
18 946 0.021943927801883124
18 947 0.01702313751323448
18 948 0.021943927801883124
18 949 0.04388785560376625
18 950 0.021943927801883124
18 951 0.021943927801883124
18 952 0.04388785560376625
18 953 0.021943927801883124
18 954 0.06583178340564937
18 955 0.021943927801883124
18 956 0.021943927801883124
18 957 0.06583178340564937
18 958 0.021943927801883124
18 959 0.01702313751323448
18 960 0.021943927801883124
18 961 0.06583178340564937
18 962 0.021943927801883124
18 963 0.03404627502646896
18 964 0.04388785560376625
18 965 0.021943927801883124
18 966 0.021943927801883124
18 967 0.03404627502646896
18 968 0.04388785560376625
18 969 0.021943927801883124
18 970 0.021943927801883124
18 971 0.021943927801883124
18 972 0.021943927801883124
18 973 0.021943927801883124
18 974 0.03404627502646896
18 975 0.021943927801883124
18 976 0.04388785560376625
18 977 0.021943927801883124
18 978 0.021943927801883124
18 979 0.021943927801883124
18 980 0.13166356681129873
18 981 0.021943927801883124
18 982 0.021943927801883124
18 983 0.021943927801883124
18 984 0.021943927801883124
18 985 0.01702313751323448
18 986 0.01702313751323448
18 987 0.021943927801883124
18 988 0.021943927801883124
18 989 0.06583178340564937
18 990 0.021943927801883124
18 991 0.04388785560376625
18 992 0.021943927801883124
18 993 0.0877757112075325
18 994 0.021943927801883124
18 995 0.021943927801883124
18 996 0.01702313751323448
18 997 0.021943927801883124
18 998 0.04388785560376625
18 999 0.021943927801883124
18 1000 0.021943927801883124
18 1001 0.04388785560376625
18 1002 0.04388785560376625
18 1003 0.021943927801883124
18 1004 0.01702313751323448
18 1005 0.04388785560376625
18 1006 0.021943927801883124
18 1007 0.021943927801883124
18 1008 0.021943927801883124
18 1009 0.06583178340564937
18 1010 0.04388785560376625
18 1011 0.021943927801883124
18 1012 0.021943927801883124
18 1013 0.021943927801883124
18 1014 0.04388785560376625
18 1015 0.021943927801883124
18 1016 0.021943927801883124
18 1017 0.0877757112075325
18 1018 0.04388785560376625
19 1 0.01565451797284752
19 5 0.0030980017382870478
19 6 0.018012235324600695
19 7 0.05126617317462374
19 10 0.018012235324600695
19 12 0.018012235324600695
19 13 0.025335974349546944
19 17 0.024992336843703816
19 19 0.01618666501295836
19 20 0.07555207948221868
19 30 0.010688496299654444
19 31 0.02561753441997106
19 40 0.010601354551655433
19 41 0.042753985198617776
19 43 0.013728122629939015
19 49 0.01565451797284752
19 50 0.058315452635308906
19 57 0.04696355391854257
19 58 0.01280876720998553
19 61 0.012099378574944983
19 65 0.018012235324600695
19 66 0.013728122629939015
19 67 0.02323501303715286
19 68 0.03335195160769307
19 69 0.0061960034765740956
19 74 0.009444009935277334
19 79 0.013728122629939015
19 80 0.011117317202564354
19 84 0.02561753441997106
19 88 0.056664059611664
19 91 0.029294956099784993
19 97 0.016661557895802544
19 104 0.084996089417496
19 106 0.042103723309770524
19 108 0.03206548889896334
19 109 0.060496892874724914
19 110 0.04696355391854257
19 112 0.06864061314969508
19 113 0.03130903594569504
19 114 0.08236873577963409
19 115 0.06404383604992765
19 116 0.041184367889817046
19 118 0.012099378574944983
19 121 0.05491249051975606
19 123 0.013728122629939015
19 128 0.036298135724834944
19 129 0.07497701053111144
19 130 0.01280876720998553
19 134 0.12631116992931157
19 135 0.025335974349546944
19 136 0.5583792950626215
19 138 0.10807341194760416
19 140 0.021376992599308888
19 141 0.036298135724834944
19 146 0.012099378574944983
19 148 0.021051861654885262
19 150 0.013728122629939015
19 151 0.025335974349546944
19 153 0.018012235324600695
19 157 0.07600792304864083
19 159 0.047220049676386676
19 160 0.018012235324600695
19 162 0.025335974349546944
19 167 0.021051861654885262
19 168 0.03602447064920139
19 169 0.036298135724834944
19 170 0.05067194869909389
19 171 0.05491249051975606
19 173 0.01565451797284752
19 174 0.012099378574944983
19 176 0.12826195559585335
19 178 0.008330778947901272
19 179 0.018012235324600695
19 180 0.018012235324600695
19 181 0.03602447064920139
19 183 0.008330778947901272
19 190 0.013728122629939015
19 200 0.025335974349546944
19 201 0.024198757149889966
19 226 0.012099378574944983
19 229 0.018012235324600695
19 233 0.03130903594569504
19 249 0.03130903594569504
19 252 0.01565451797284752
19 255 0.025335974349546944
19 273 0.08420744661954105
19 279 0.01565451797284752
19 293 0.02745624525987803
19 294 0.018012235324600695
19 313 0.042103723309770524
19 315 0.01565451797284752
19 319 0.021376992599308888
19 331 0.01565451797284752
19 338 0.025335974349546944
19 358 0.041184367889817046
19 359 0.009444009935277334
19 363 0.018012235324600695
19 365 0.041184367889817046
19 367 0.01565451797284752
19 368 0.01565451797284752
19 378 0.010688496299654444
19 380 0.02745624525987803
19 383 0.01565451797284752
19 384 0.05067194869909389
19 386 0.01565451797284752
19 419 0.013728122629939015
19 421 0.01565451797284752
19 425 0.021051861654885262
19 437 0.04696355391854257
19 459 0.01565451797284752
19 461 0.10525930827442632
19 464 0.018012235324600695
19 467 0.018012235324600695
19 475 0.025335974349546944
19 478 0.05067194869909389
19 480 0.013728122629939015
19 499 0.05403670597380208
19 503 0.025335974349546944
19 504 0.042103723309770524
19 507 0.06315558496465579
19 513 0.1684148932390821
19 529 0.06315558496465579
19 534 0.10134389739818778
19 540 0.018012235324600695
19 643 0.021051861654885262
19 662 0.021051861654885262
19 687 0.025335974349546944
19 716 0.03602447064920139
19 799 0.05067194869909389
19 823 0.05067194869909389
19 865 0.025335974349546944
19 871 0.025335974349546944
19 878 0.042103723309770524
19 879 0.025335974349546944
19 887 0.07600792304864083
19 897 0.021051861654885262
19 903 0.025335974349546944
19 906 0.05067194869909389
19 912 0.025335974349546944
19 916 0.025335974349546944
19 967 0.025335974349546944
19 974 0.025335974349546944
19 985 0.025335974349546944
19 986 0.025335974349546944
19 996 0.05067194869909389
19 1019 0.03265971337449319
19 1020 0.03265971337449319
19 1021 0.03265971337449319
19 1022 0.03265971337449319
19 1023 0.03265971337449319
19 1024 0.03265971337449319
19 1025 0.03265971337449319
19 1026 0.03265971337449319
19 1027 0.13063885349797277
19 1028 0.03265971337449319
19 1029 0.03265971337449319
19 1030 0.06531942674898639
19 1031 0.03265971337449319
19 1032 0.03265971337449319
19 1033 0.03265971337449319
19 1034 0.19595828024695916
19 1035 0.22861799362145233
19 1036 0.19595828024695916
19 1037 0.22861799362145233
19 1038 0.03265971337449319
19 1039 0.03265971337449319
19 1040 0.22861799362145233
19 1041 0.03265971337449319
19 1042 0.06531942674898639
19 1043 0.03265971337449319
19 1044 0.03265971337449319
19 1045 0.03265971337449319
19 1046 0.03265971337449319
19 1047 0.06531942674898639
19 1048 0.19595828024695916
19 1049 0.03265971337449319
19 1050 0.03265971337449319
19 1051 0.03265971337449319
19 1052 0.03265971337449319
19 1053 0.03265971337449319
19 1054 0.06531942674898639
19 1055 0.03265971337449319
19 1056 0.09797914012347958
19 1057 0.03265971337449319
19 1058 0.09797914012347958
19 1059 0.13063885349797277
19 1060 0.03265971337449319
19 1061 0.22861799362145233
20 19 0.019838265816252865
20 20 0.09259611133850144
20 28 0.051602035021081356
20 31 0.04709501218813853
20 37 0.13099747884992294
20 40 0.010394358044215552
20 42 0.051602035021081356
20 50 0.020420291282064844
20 67 0.003796889719664331
20 68 0.09537715493343286
20 69 0.007593779439328662
20 101 0.07674428018916486
20 127 0.013625307847633267
20 130 0.015698337396046178
20 137 0.20190111725138263
20 178 0.04084058256412969
20 189 0.06730037241712754
20 201 0.029657831083682147
20 213 0.03837214009458243
20 299 0.06210319339501977
20 311 0.03837214009458243
20 316 0.07674428018916486
20 326 0.06210319339501977
20 334 0.06210319339501977
20 340 0.06210319339501977
20 342 0.06210319339501977
20 351 0.03837214009458243
20 357 0.24841277358007907
20 363 0.044151344582502174
20 371 0.08830268916500435
20 376 0.12420638679003954
20 382 0.06210319339501977
20 392 0.13245403374750653
20 416 0.6831351273452174
20 418 0.06210319339501977
20 516 0.03837214009458243
20 747 0.12420638679003954
20 779 0.24841277358007907
20 878 0.051602035021081356
20 959 0.06210319339501977
20 1062 0.16011008441507468
20 1063 0.06210319339501977
20 1064 0.08005504220753734
20 1065 0.08005504220753734
20 1066 0.08005504220753734
20 1067 0.08005504220753734
20 1068 0.08005504220753734
20 1069 0.08005504220753734
20 1070 0.08005504220753734
20 1071 0.16011008441507468
20 1072 0.08005504220753734
20 1073 0.32022016883014937
21 5 0.017648857444562075
21 37 0.121781563359376
21 40 0.024157739214811243
21 67 0.017648857444562075
21 115 0.07296965128709361
21 171 0.15641416612711473
21 176 0.243563126718752
21 293 0.15641416612711473
21 366 0.13785673842459728
21 480 0.31282833225422946
21 494 0.23985868096713586
21 495 0.2886705930394183
21 505 0.5773411860788366
21 511 0.2886705930394183
21 518 0.23985868096713586
21 1074 0.37211510787943936
22 5 0.0032523603100040725
22 31 0.10757573329670898
22 36 0.06573803016041715
22 37 0.17953684510373522
22 39 0.03781939728450638
22 40 0.013355483058631039
22 41 0.022442105637966902
22 50 0.0349834468673382
22 53 0.07563879456901276
22 67 0.006504720620008145
22 68 0.035013719433874255
22 69 0.006504720620008145
22 70 0.019829119332749823
22 72 0.013446966662088623
22 80 0.02334247962258284
22 88 0.03965823866549965
22 95 0.08840309991033517
22 101 0.06573803016041715
22 108 0.044884211275933804
22 115 0.013446966662088623
22 129 0.08745861716834549
22 130 0.013446966662088623
22 137 0.259418324777653
22 159 0.019829119332749823
22 175 0.06573803016041715
22 183 0.0349834468673382
22 234 0.03781939728450638
22 277 0.08840309991033517
22 286 0.15127758913802553
22 290 0.10639337786209174
22 351 0.09860704524062575
22 358 0.05764851661725621
22 366 0.05080893037151491
22 367 0.06573803016041715
22 371 0.03781939728450638
22 379 0.10639337786209174
22 380 0.028824258308628104
22 391 0.21278675572418349
22 392 0.11345819185351914
22 406 0.13260464986550274
22 409 0.3191801335862752
22 427 0.05319668893104587
22 429 0.1270223259287873
22 439 0.05319668893104587
22 443 0.08840309991033517
22 471 0.03781939728450638
22 549 0.06732631691390072
22 632 0.07563879456901276
22 657 0.10639337786209174
22 947 0.10639337786209174
22 963 0.1595900667931376
22 1004 0.05319668893104587
22 1063 0.05319668893104587
22 1075 0.06857398057758535
22 1076 0.06857398057758535
22 1077 0.06857398057758535
22 1078 0.06857398057758535
22 1079 0.1371479611551707
22 1080 0.06857398057758535
22 1081 0.1371479611551707
22 1082 0.06857398057758535
22 1083 0.06857398057758535
22 1084 0.06857398057758535
22 1085 0.1371479611551707
22 1086 0.06857398057758535
22 1087 0.06857398057758535
22 1088 0.06857398057758535
22 1089 0.06857398057758535
22 1090 0.1371479611551707
22 1091 0.20572194173275604
22 1092 0.5485918446206828
22 1093 0.1371479611551707
