%%MatrixMarket matrix coordinate real general
22 22 484                                         
1 1 0.17785571403753916
1 2 -0.10675505117397875
1 3 0.19494242490875252
1 4 -0.13205462299199924
1 5 -0.04046389840634944
1 6 -0.19085637935217922
1 7 0.29919408657277863
1 8 0.3288025375714007
1 9 -0.09786353639099452
1 10 0.05254520419794223
1 11 0.47333938684640636
1 12 -0.5231868350934971
1 13 -0.2841567949097637
1 14 -0.051001788946700474
1 15 0.23568761004378044
1 16 0.01587097320503775
1 17 -0.0746991934223654
1 18 -0.0651014945781549
1 19 0.014976918695264132
1 20 0.000640997940665194
1 21 -0.04495360751417374
1 22 0.06719079703368062
2 1 0.46523074387253815
2 2 0.27686900995619884
2 3 -0.1544813431200731
2 4 -0.05210786025975325
2 5 -0.11188017144427996
2 6 0.07889027520871573
2 7 0.315692983484745
2 8 0.13869287154225576
2 9 -0.028276777844839448
2 10 0.02206666495905066
2 11 -0.19633127987494864
2 12 0.06426727141502712
2 13 0.11351017448506087
2 14 0.03721042537165512
2 15 0.16833870654805838
2 16 -0.1487099975853045
2 17 -0.09633716187814804
2 18 -0.08319262625373532
2 19 -0.6287218533078452
2 20 0.14289783308102658
2 21 -0.0010786383155324828
2 22 -0.04568434967163142
3 1 0.10663250819207537
3 2 0.05934671918538118
3 3 0.2639055848134524
3 4 -0.04426902049620271
3 5 0.2894521643719441
3 6 -0.27234174550749507
3 7 -0.29528677493736977
3 8 0.27541016515001887
3 9 0.09811829119464015
3 10 0.24185120274055485
3 11 -0.5207587158982587
3 12 -0.09776216475499865
3 13 -0.3421157685975206
3 14 0.22481771169869316
3 15 0.022942975729432227
3 16 -0.23555704296302693
3 17 0.008895413995799191
3 18 -0.13190184360751403
3 19 0.017963246575983766
3 20 -0.04506343369233932
3 21 -0.007027180020689655
3 22 0.012568453515162573
4 1 0.5206539891450099
4 2 -0.6257177919039376
4 3 -0.024986228671009452
4 4 -0.008598046056161676
4 5 -0.03646255929594811
4 6 -0.0136407647797638
4 7 -0.012914935016702827
4 8 0.024815917774845476
4 9 0.022655277653417946
4 10 0.0284241938630257
4 11 0.012055964897995593
4 12 0.02949479591509749
4 13 -0.003178645831510991
4 14 -0.03738795740854073
4 15 -0.09959796512221006
4 16 -0.06615263344680279
4 17 -0.03911901171761852
4 18 0.004017752082953229
4 19 -0.0035882499546814185
4 20 -0.13532624438090646
4 21 -0.0795800174025386
4 22 -0.5386597771479769
5 1 0.5784503753983832
5 2 0.1438035316881709
5 3 -0.038466740252992654
5 4 0.49194113027954883
5 5 -0.09733156382990822
5 6 0.0541109536939944
5 7 -0.182495205126142
5 8 -0.01605723159553404
5 9 0.029710146963093518
5 10 0.013646507582045357
5 11 0.11175762205296404
5 12 0.06832872236337775
5 13 0.004211800298384274
5 14 0.006542725405130389
5 15 0.10871271478950353
5 16 -0.09071825714984082
5 17 0.11101832859436714
5 18 -0.01640257797440826
5 19 0.08214797889702094
5 20 -0.051049557278119856
5 21 -0.5237277767061689
5 22 0.14384237686178233
6 1 0.6028259597340176
6 2 0.06259694859788753
6 3 -0.16189367710362915
6 4 -0.3257392083523357
6 5 0.09463241456262989
6 6 0.010708458144606772
6 7 -0.10182096924037304
6 8 -0.16444456627127954
6 9 -0.046007644087718395
6 10 -0.005711728164987733
6 11 0.009743277297527619
6 12 -0.11411509489964354
6 13 0.10219333867303101
6 14 -0.03386658574946939
6 15 -0.08460162662135741
6 16 0.03870805771272165
6 17 0.004036849717410752
6 18 0.004136644755461194
6 19 -0.07305441452406135
6 20 -0.5939660689232548
6 21 0.11994026627302332
6 22 0.2140630727548079
7 1 0.2787281542184419
7 2 0.1998118993729171
7 3 -0.09764603155194707
7 4 -0.13520091945908566
7 5 0.1617056851923731
7 6 -0.08299955984763548
7 7 -0.55355643413632
7 8 -0.15366945379125357
7 9 0.11611713558460418
7 10 -0.14378835711932678
7 11 0.40820094385183714
7 12 0.2055304567194906
7 13 -0.24741390369252597
7 14 -0.034153259606706426
7 15 0.18624979975068096
7 16 -0.046470465355937046
7 17 -0.2828107933745094
7 18 0.024206283026642256
7 19 -0.10640351340514335
7 20 0.18355383195932867
7 21 0.13555623622038612
7 22 -0.07266612991378277
8 1 0.06702735753066826
8 2 -0.015209336194003276
8 3 0.22082242676346422
8 4 0.07709552775308984
8 5 0.5915438683635948
8 6 0.29335863923926697
8 7 0.14404758776673635
8 8 0.06853704694535968
8 9 -0.01754182819814805
8 10 0.1410110261417315
8 11 -0.09502471060411354
8 12 0.15616126809332956
8 13 -0.042117317270150466
8 14 -0.6013820496166199
8 15 0.17777187444288453
8 16 0.1536564806652002
8 17 -0.063926954608925
8 18 0.037503416635066684
8 19 0.004788523434605157
8 20 -0.022086092259688377
8 21 -0.0291907268174422
8 22 0.005294473724544913
9 1 0.10003312948399969
9 2 0.04634544019853763
9 3 0.6128373148106149
9 4 -0.22025535555744857
9 5 -0.2960530172557544
9 6 0.2280529634800653
9 7 -0.05978363521310245
9 8 -0.05193581073245394
9 9 0.06140292187068476
9 10 -0.07313606826024548
9 11 0.022196692952257072
9 12 0.14873273689311767
9 13 0.09549885588786798
9 14 -0.04447168813401649
9 15 -0.07118782575783322
9 16 0.07027043526416617
9 17 -0.13453807227732487
9 18 -0.5849318115657168
9 19 0.059512509017559584
9 20 -0.005652044384488282
9 21 -0.031038810249624196
9 22 0.014730467456201454
10 1 0.26105095714729126
10 2 0.09162094306307748
10 3 0.33534837973950987
10 4 0.3485262227374473
10 5 -0.09172227676102376
10 6 -0.30598023543982594
10 7 -0.01923984428565798
10 8 -0.1450751887173059
10 9 -0.05668526384519301
10 10 -0.05726475570505262
10 11 -0.19272089953221996
10 12 -0.1915339803986548
10 13 0.05656411779365074
10 14 -4.151084188454366e-05
10 15 -0.18940615390346713
10 16 0.46285252772470165
10 17 -0.42082911186249317
10 18 0.2141217729239392
10 19 -0.0868021758249662
10 20 0.03161745679874713
10 21 0.03106210565697519
10 22 -0.0022196217607348017
11 1 0.2498579273489306
11 2 0.16390769270890043
11 3 0.1324110520646083
11 4 -0.32661973904474045
11 5 0.18033767935561096
11 6 -0.47141606713508244
11 7 -0.1389134370285076
11 8 0.14633175335697965
11 9 0.011763136451798795
11 10 -0.03767026727805582
11 11 0.06589968700562673
11 12 -0.044133462762982606
11 13 0.5325033393625404
11 14 -0.1663638359141348
11 15 -0.07468859548031781
11 16 0.06327127759543665
11 17 0.3258651611630349
11 18 0.01883292826855025
11 19 0.037445296889962294
11 20 0.21254338646695117
11 21 -0.08072202036490679
11 22 -0.05220573234604616
12 1 0.09471664752959245
12 2 0.03740487644713465
12 3 0.6062081793820032
12 4 -0.256605383353311
12 5 -0.25148848025496445
12 6 0.2851356169982284
12 7 -0.07894246906912146
12 8 0.004475168480660788
12 9 0.021333463810175746
12 10 0.05295775447452873
12 11 0.022084558825913793
12 12 0.07311474317266077
12 13 -0.05775672023321884
12 14 0.0664687963871444
12 15 0.06630230060571383
12 16 -0.1397989390785587
12 17 0.1684297707698387
12 18 0.5748594744912625
12 19 -0.07445355866006508
12 20 -0.01232962953604288
12 21 -0.012326930781248264
12 22 0.005302420609102957
13 1 0.10739711058679462
13 2 0.00038649196204884514
13 3 0.23694277575276962
13 4 0.06088784401897176
13 5 0.2306452298316653
13 6 -0.20471361328934085
13 7 0.3092579079143233
13 8 -0.3410060291105254
13 9 -0.07868452688105058
13 10 -0.6627498892901865
13 11 -0.06407615660659928
13 12 0.020244455397583752
13 13 -0.19066543195157493
13 14 -0.034125732235515495
13 15 -0.09139475366499748
13 16 -0.33866254290913944
13 17 0.10247564783529321
13 18 -0.011080609972588302
13 19 0.007132737393628399
13 20 0.005552855189452575
13 21 -0.013239969651653269
13 22 0.014055341102224023
14 1 0.15537666960529622
14 2 -0.06890776053712916
14 3 0.15004454146603982
14 4 0.06962289999111436
14 5 0.5578894925657322
14 6 0.3320263026119625
14 7 0.08815816074945919
14 8 0.020892619219417697
14 9 -0.03516331142435132
14 10 0.058637818940355094
14 11 0.25603688265578545
14 12 -0.05982101856459452
14 13 0.2131998334976782
14 14 0.5686351729926524
14 15 -0.23233690209666535
14 16 0.02750181196832501
14 17 -0.06814366166657128
14 18 -0.01532690764385737
14 19 -0.03745825214502704
14 20 0.09856154277568382
14 21 -0.008281272094374372
14 22 0.02547208237504364
15 1 0.04199353249385531
15 2 0.024426143215046207
15 3 0.12076867610305607
15 4 -0.022163072667303916
15 5 0.005682278785257545
15 6 -0.30019277161117336
15 7 0.17712140262024254
15 8 -0.4789063873530698
15 9 -0.45918640012310774
15 10 0.5554899662852871
15 11 0.12673840596558972
15 12 0.2614333362432388
15 13 -0.08472796711223882
15 14 0.06681176498112718
15 15 0.05387647942096503
15 16 -0.06844758463722166
15 17 0.06188970737669555
15 18 -0.06171743092281019
15 19 0.004394262382188135
15 20 0.028104127512642414
15 21 0.006370584814911011
15 22 -0.011897835694487368
16 1 0.018630264296230804
16 2 -0.005333660089328797
16 3 0.04318810950292731
16 4 0.0029262573942057737
16 5 0.030681660434132653
16 6 -0.1298559648197141
16 7 0.25913311739038486
16 8 -0.3529375992553379
16 9 0.8444517703891194
16 10 0.2476862622742111
16 11 0.06938456125265699
16 12 -0.06791318874857027
16 13 0.006022601321931475
16 14 0.013354635033440213
16 15 0.046811604882511536
16 16 -0.010523968237609522
16 17 0.03719078007734167
16 18 0.0005159799307782996
16 19 -0.017092426874508865
16 20 0.0016868937848753477
16 21 -0.0008302634282832063
16 22 0.012740955638038795
17 1 0.35270210736583096
17 2 0.21396044540881567
17 3 -0.1417088812478532
17 4 -0.14970413262773458
17 5 -0.03346050133101671
17 6 0.05107998349584711
17 7 0.1430778185028813
17 8 0.12353797416521961
17 9 0.054152344067212844
17 10 -0.00492124483523123
17 11 0.03632396077937486
17 12 0.1975140561249162
17 13 -0.49326170201473535
17 14 0.0031872515546195797
17 15 -0.4314181670173692
17 16 0.3984590388337861
17 17 0.32207937968288125
17 18 -0.018888681215500813
17 19 -0.012281100045855189
17 20 0.10696247213635354
17 21 -0.019246667712320687
17 22 -0.01780958845902405
18 1 0.5399843532386116
18 2 0.15494524192971454
18 3 0.09329865010024782
18 4 0.49466090923875206
18 5 -0.09973706688333273
18 6 0.10814329258108205
18 7 -0.007444608057717234
18 8 0.052812978308024616
18 9 -0.004350530998058689
18 10 0.032950555969983426
18 11 0.0195566771277241
18 12 -0.08244975461013741
18 13 0.07260611005574752
18 14 -0.0068221638658445116
18 15 0.15407073426496695
18 16 -0.05589850374274656
18 17 0.30185648897418377
18 18 -0.07709462564946692
18 19 0.18680167678514162
18 20 0.04950744340013592
18 21 0.4779879516286359
18 22 -0.05641594137167958
19 1 0.388038590046746
19 2 0.27737294535042917
19 3 -0.14515813075283096
19 4 -0.21545997217219634
19 5 -0.053683830059552906
19 6 -0.04911970859660316
19 7 0.3416924383225235
19 8 0.21389919270732813
19 9 0.04223424718154885
19 10 0.0007171638845910871
19 11 -0.08427423632109865
19 12 0.2881941729998261
19 13 0.0768386688426647
19 14 0.09484690475731343
19 15 0.043346544431545016
19 16 -0.13352046845043056
19 17 -0.38309176550006757
19 18 0.140272010930713
19 19 0.49326252038389656
19 20 0.02800905688596839
19 21 0.005158995988952827
19 22 -0.009567104796620443
20 1 0.20335404249073613
20 2 -0.47950723949340224
20 3 -0.023077843214522605
20 4 -0.14747017368639856
20 5 0.02947542289125406
20 6 -0.06492825696026115
20 7 0.037957909738610206
20 8 -0.05891619832584734
20 9 0.0012311732758070572
20 10 -0.20059901285828197
20 11 -0.18734129819198647
20 12 0.20407286870418936
20 13 -0.012548221834732948
20 14 0.2851219245253892
20 15 0.5371644321594774
20 16 0.4077350666531055
20 17 0.13445978886696622
20 18 -0.013862636946770106
20 19 0.035877076019549724
20 20 0.07175174000788671
20 21 -0.0037095057615693064
20 22 0.13598969649627393
21 1 0.26987839870314306
21 2 0.12346683278040925
21 3 -0.19930850805732678
21 4 -0.2881330181068055
21 5 -0.004648437738584123
21 6 0.3370902283877989
21 7 -0.0821651708413584
21 8 -0.41312655641787316
21 9 -0.11935646644626444
21 10 0.044954298695181076
21 11 -0.2701587003028337
21 12 -0.5228616125296457
21 13 -0.05034694149096523
21 14 -0.05155859256743848
21 15 0.05902083569707723
21 16 0.012055803579134593
21 17 -0.0029701300296693448
21 18 -0.01813929209537523
21 19 0.18372812564488472
21 20 0.28095607116734433
21 21 -0.09099044096026097
21 22 -0.07302584431343045
22 1 0.36264266494630953
22 2 -0.639321860960103
22 3 -0.0696245440309803
22 4 -0.003381536876524254
22 5 -0.10008189024129455
22 6 -0.007597341494586347
22 7 -0.057513375289474686
22 8 0.04382801741618613
22 9 0.021080585609816935
22 10 0.10778403491113558
22 11 -0.030796906894979145
22 12 0.052398508413096165
22 13 0.009921809690982846
22 14 -0.20022275016560256
22 15 -0.29733773413194364
22 16 -0.22680409167307958
22 17 -0.10551883162851691
22 18 0.030828854513189518
22 19 -0.02643292154659028
22 20 0.28701642167063807
22 21 0.1000465839221332
22 22 0.37233279559190435
